0.433
0.367
0.384
0.363
0.364
0.367
0.366
0.361
0.364
0.341
0.363
0.358
0.387
0.361
0.363
0.363
0.360
0.328
0.323
0.321
0.311
0.360
0.367
0.358
0.363
0.360
0.323
0.322
0.321
0.312
0.311
0.314
0.294
0.361
0.304
0.313
0.363
0.364
0.335
0.331
0.332
0.296
0.294
0.371
0.333
0.357
0.366
0.331
0.316
0.321
0.328
0.312
0.311
0.311
0.361
0.326
0.366
0.364
0.328
0.327
0.325
0.330
0.312
0.312
0.311
0.366
0.326
0.357
0.358
0.332
0.326
0.325
0.327
0.311
0.313
0.310
0.365
0.337
0.371
0.361
0.332
0.331
0.330
0.325
0.311
0.311
0.311
0.365
0.330
0.367
0.364
0.302
0.325
0.315
0.311
0.320
0.301
0.294
0.336
0.335
0.324
0.449
0.455
0.456
0.460
0.457
0.389
0.363
0.362
0.372
0.456
0.440
0.378
0.375
0.362
0.362
0.360
0.362
0.368
0.484
0.456
0.456
0.456
0.458
0.459
0.456
0.456
0.392
0.455
0.455
0.454
0.454
0.455
0.454
0.456
0.462
0.455
0.456
0.456
0.458
0.459
0.453
0.456
0.481
0.324
0.321
0.326
0.321
0.322
0.322
0.321
0.321
0.323
0.322
0.326
0.457
0.457
0.456
0.475
0.457
0.452
0.451
0.453
0.443
0.474
0.460
0.474
0.455
0.455
0.455
0.453
0.386
0.453
0.452
0.457
0.387
0.447
0.453
0.453
0.454
0.452
0.456
0.453
0.453
0.453
0.454
0.453
0.454
0.458
0.453
0.453
0.458
0.452
0.456
0.456
0.454
0.456
0.453
0.460
0.454
0.457
0.453
0.453
0.453
0.369
0.455
0.458
0.457
0.453
0.454
0.455
0.452
0.453
0.450
0.453
0.454
0.453
0.454
0.457
0.456
0.456
0.398
0.453
0.458
0.456
0.452
0.452
0.452
0.454
0.440
0.455
0.450
0.453
0.460
0.455
0.453
0.453
0.479
0.301
0.324
0.315
0.363
0.361
0.362
0.364
0.361
0.297
0.321
0.315
0.366
0.361
0.361
0.361
0.362
0.363
0.328
0.326
0.322
0.321
0.296
0.313
0.311
0.312
0.312
0.311
0.360
0.361
0.319
0.323
0.351
0.312
0.316
0.449
0.451
0.362
0.362
0.362
0.361
0.361
0.360
0.362
0.452
0.453
0.364
0.456
0.454
0.453
0.365
0.363
0.449
0.452
0.361
0.362
0.361
0.361
0.366
0.323
0.295
0.322
0.303
0.296
0.297
0.313
0.312
0.311
0.313
0.311
0.362
0.324
0.333
0.325
0.325
0.339
0.314
0.312
0.319
0.361
0.362
0.362
0.327
0.322
0.349
0.362
0.365
0.363
0.361
0.325
0.325
0.325
0.313
0.361
0.328
0.366
0.451
0.458
0.462
0.455
0.454
0.365
0.364
0.362
0.367
0.455
0.385
0.458
0.456
0.455
0.454
0.454
0.454
0.451
0.472
0.456
0.477
0.453
0.454
0.454
0.453
0.449
0.452
0.454
0.467
0.457
0.473
0.454
0.456
0.397
0.457
0.453
0.451
0.455
0.456
0.453
0.454
0.431
0.454
0.452
0.454
0.454
0.451
0.452
0.452
0.452
0.459
0.380
0.454
0.457
0.453
0.452
0.452
0.452
0.457
0.455
0.456
0.456
0.452
0.451
0.453
0.454
0.400
0.453
0.455
0.456
0.455
0.455
0.458
0.452
0.457
0.452
0.453
0.446
0.453
0.453
0.458
0.454
0.459
0.449
0.451
0.454
0.459
0.458
0.455
0.379
0.361
0.364
0.455
0.452
0.455
0.454
0.458
0.453
0.457
0.452
0.448
0.456
0.455
0.455
0.454
0.455
0.451
0.453
0.443
0.453
0.453
0.456
0.453
0.456
0.459
0.454
0.364
0.325
0.362
0.360
0.361
0.323
0.323
0.322
0.321
0.322
0.361
0.384
0.363
0.360
0.364
0.363
0.322
0.321
0.312
0.311
0.361
0.314
0.361
0.360
0.386
0.362
0.360
0.361
0.326
0.321
0.325
0.324
0.362
0.454
0.453
0.454
0.453
0.455
0.458
0.454
0.459
0.454
0.454
0.457
0.453
0.458
0.459
0.371
0.362
0.363
0.454
0.458
0.452
0.454
0.456
0.454
0.459
0.463
0.453
0.454
0.458
0.452
0.456
0.454
0.454
0.452
0.453
0.456
0.455
0.456
0.453
0.456
0.454
0.453
0.450
0.463
0.455
0.454
0.459
0.453
0.382
0.362
0.361
0.300
0.324
0.322
0.322
0.322
0.322
0.322
0.322
0.322
0.323
0.322
0.366
0.393
0.394
0.444
0.454
0.457
0.361
0.361
0.361
0.358
0.452
0.456
0.454
0.454
0.454
0.300
0.365
0.364
0.363
0.454
0.454
0.453
0.453
0.452
0.296
0.366
0.362
0.405
0.453
0.457
0.456
0.454
0.457
0.366
0.361
0.361
0.362
0.454
0.456
0.453
0.361
0.361
0.361
0.360
0.360
0.360
0.449
0.454
0.365
0.364
0.362
0.373
0.361
0.361
0.322
0.370
0.362
0.362
0.364
0.362
0.361
0.321
0.322
0.323
0.326
0.323
0.296
0.312
0.311
0.310
0.325
0.311
0.301
0.338
0.312
0.310
0.326
0.333
0.364
0.362
0.365
0.328
0.326
0.327
0.311
0.311
0.312
0.325
0.334
0.362
0.366
0.361
0.327
0.327
0.326
0.312
0.314
0.310
0.333
0.335
0.366
0.363
0.363
0.330
0.326
0.325
0.311
0.310
0.364
0.329
0.359
0.455
0.459
0.454
0.456
0.457
0.462
0.456
0.456
0.457
0.455
0.459
0.456
0.456
0.458
0.455
0.454
0.388
0.459
0.459
0.456
0.457
0.457
0.452
0.452
0.393
0.467
0.455
0.454
0.452
0.453
0.452
0.385
0.361
0.453
0.453
0.455
0.453
0.454
0.456
0.453
0.453
0.388
0.456
0.452
0.455
0.453
0.456
0.453
0.453
0.469
0.446
0.454
0.453
0.454
0.456
0.452
0.452
0.454
0.449
0.454
0.453
0.381
0.456
0.456
0.454
0.458
0.384
0.454
0.455
0.455
0.455
0.455
0.457
0.455
0.480
0.456
0.421
0.456
0.453
0.452
0.455
0.457
0.479
0.320
0.323
0.324
0.321
0.322
0.324
0.297
0.326
0.323
0.331
0.331
0.365
0.367
0.380
0.374
0.371
0.370
0.376
0.321
0.321
0.323
0.321
0.320
0.321
0.323
0.321
0.324
0.322
0.322
0.321
0.321
0.322
0.316
0.307
0.289
0.290
0.284
0.281
0.282
0.285
0.371
0.370
0.372
0.373
0.371
0.371
0.375
0.370
0.370
0.371
0.369
0.371
0.371
0.371
0.327
0.370
0.372
0.372
0.362
0.365
0.366
0.362
0.363
0.362
0.361
0.364
0.362
0.362
0.363
0.362
0.362
0.357
0.355
0.355
0.355
0.358
0.355
0.357
0.356
0.284
0.354
0.355
0.355
0.355
0.351
0.347
0.348
0.350
0.349
0.348
0.349
0.350
0.347
0.347
0.348
0.348
0.348
0.345
0.343
0.343
0.343
0.341
0.348
0.344
0.345
0.345
0.343
0.347
0.341
0.345
0.343
0.339
0.339
0.302
0.297
0.339
0.338
0.341
0.339
0.339
0.339
0.340
0.338
0.340
0.297
0.296
0.338
0.301
0.337
0.336
0.337
0.338
0.337
0.337
0.335
0.336
0.338
0.339
0.339
0.334
0.337
0.334
0.334
0.338
0.334
0.333
0.339
0.335
0.332
0.338
0.335
0.337
0.329
0.326
0.330
0.326
0.327
0.327
0.329
0.324
0.325
0.326
0.328
0.325
0.326
0.326
0.332
0.332
0.331
0.339
0.331
0.330
0.329
0.330
0.330
0.333
0.330
0.334
0.329
0.331
0.329
0.329
0.332
0.328
0.328
0.331
0.329
0.329
0.330
0.330
0.333
0.334
0.331
0.333
0.331
0.332
0.329
0.330
0.330
0.331
0.331
0.333
0.328
0.330
0.331
0.330
0.333
0.333
0.332
0.327
0.329
0.329
0.330
0.330
0.331
0.330
0.330
0.331
0.334
0.330
0.329
0.333
0.333
0.329
0.330
0.330
0.329
0.331
0.329
0.329
0.333
0.331
0.330
0.330
0.333
0.330
0.330
0.331
0.332
0.329
0.330
0.331
0.333
0.333
0.330
0.331
0.331
0.333
0.330
0.331
0.330
0.330
0.333
0.330
0.330
0.330
0.331
0.330
0.333
0.331
0.332
0.330
0.332
