0.425
0.351
0.348
0.346
0.328
0.323
0.309
0.318
0.349
0.328
0.307
0.303
0.364
0.342
0.369
0.459
0.479
0.492
0.344
0.339
0.314
0.364
0.323
0.318
0.314
0.315
0.369
0.487
0.483
0.486
0.471
0.334
0.567
0.404
0.382
0.387
0.382
0.324
0.363
0.485
0.483
0.481
0.410
0.489
0.504
0.482
0.462
0.471
0.378
0.384
0.353
0.484
0.481
0.381
0.445
0.485
0.391
0.487
0.447
0.484
0.483
0.485
0.386
0.487
0.481
0.487
0.460
0.488
0.482
0.485
0.481
0.481
0.483
0.483
0.447
0.487
0.481
0.481
0.445
0.484
0.376
0.492
0.445
0.484
0.482
0.482
0.486
0.483
0.483
0.486
0.486
0.462
0.483
0.480
0.489
0.481
0.481
0.486
0.487
0.483
0.486
0.482
0.487
0.482
0.492
0.484
0.486
0.484
0.484
0.487
0.487
0.483
0.452
0.488
0.486
0.483
0.482
0.482
0.491
0.451
0.487
0.483
0.461
0.484
0.486
0.487
0.463
0.485
0.482
0.489
0.463
0.486
0.485
0.485
0.463
0.486
0.391
0.483
0.464
0.484
0.483
0.485
0.491
0.448
0.389
0.389
0.465
0.486
0.475
0.485
0.467
0.487
0.485
0.383
0.366
0.362
0.363
0.362
0.470
0.485
0.486
0.488
0.471
0.486
0.487
0.484
0.469
0.486
0.484
0.383
0.477
0.490
0.485
0.484
0.471
0.486
0.463
0.494
0.478
0.484
0.485
0.364
0.475
0.363
0.365
0.363
0.475
0.368
0.363
0.365
0.367
0.491
0.483
0.488
0.473
0.484
0.447
0.486
0.482
0.484
0.484
0.486
0.476
0.486
0.479
0.486
0.480
0.483
0.469
0.490
0.477
0.484
0.487
0.485
0.364
0.469
0.486
0.484
0.480
0.449
0.486
0.483
0.481
0.484
0.484
0.488
0.483
0.484
0.484
0.487
0.486
0.483
0.484
0.484
0.484
0.485
0.484
0.484
0.484
0.484
0.479
0.485
0.366
0.363
0.364
0.363
0.489
0.483
0.484
0.511
0.484
0.381
0.384
0.364
0.486
0.487
0.485
0.500
0.483
0.488
0.485
0.489
0.482
0.486
0.484
0.494
0.485
0.488
0.487
0.492
0.482
0.483
0.483
0.492
0.482
0.483
0.482
0.490
0.480
0.484
0.483
0.487
0.481
0.484
0.481
0.488
0.480
0.483
0.487
0.372
0.380
0.349
0.363
0.377
0.490
0.488
0.363
0.391
0.321
0.295
0.363
0.378
0.486
0.488
0.484
0.390
0.492
0.483
0.363
0.392
0.363
0.361
0.328
0.417
0.460
0.482
0.482
0.385
0.487
0.448
0.488
0.449
0.487
0.481
0.486
0.436
0.484
0.474
0.453
0.427
0.484
0.481
0.483
0.417
0.486
0.489
0.481
0.412
0.486
0.482
0.481
0.403
0.487
0.480
0.483
0.335
0.491
0.481
0.461
0.399
0.487
0.481
0.484
0.388
0.487
0.482
0.482
0.396
0.487
0.484
0.436
0.367
0.490
0.486
0.481
0.393
0.485
0.443
0.483
0.453
0.483
0.384
0.489
0.382
0.487
0.491
0.483
0.383
0.488
0.476
0.486
0.383
0.489
0.393
0.371
0.370
0.363
0.365
0.364
0.317
0.316
0.310
0.311
0.311
0.310
0.311
0.311
0.311
0.312
0.313
0.510
0.516
0.505
0.505
0.501
0.490
0.505
0.506
0.490
0.455
0.497
0.499
0.494
0.331
0.498
0.494
0.495
0.464
0.492
0.490
0.490
0.453
0.487
0.484
0.482
0.443
0.484
0.475
0.497
0.387
0.468
0.386
0.482
0.400
0.478
0.476
0.475
0.387
0.497
0.478
0.475
0.378
0.478
0.491
0.466
0.358
0.479
0.387
0.501
0.459
0.481
0.481
0.446
0.463
0.481
0.481
0.479
0.442
0.489
0.488
0.483
0.460
0.486
0.353
0.491
0.470
0.490
0.446
0.486
0.453
0.485
0.484
0.485
0.365
0.363
0.365
0.367
0.459
0.484
0.487
0.486
0.464
0.485
0.485
0.483
0.489
0.483
0.491
0.483
0.458
0.486
0.483
0.484
0.458
0.486
0.450
0.487
0.460
0.463
0.489
0.479
0.454
0.486
0.484
0.484
0.496
0.390
0.487
0.484
0.460
0.485
0.483
0.484
0.404
0.488
0.486
0.484
0.463
0.485
0.487
0.487
0.462
0.485
0.484
0.485
0.489
0.483
0.454
0.487
0.473
0.483
0.484
0.484
0.390
0.485
0.482
0.482
0.459
0.482
0.485
0.484
0.466
0.482
0.482
0.380
0.473
0.484
0.486
0.481
0.463
0.483
0.483
0.482
0.468
0.487
0.481
0.481
0.467
0.485
0.460
0.371
0.379
0.363
0.361
0.361
0.470
0.469
0.475
0.481
0.450
0.488
0.482
0.485
0.467
0.484
0.367
0.361
0.366
0.361
0.324
0.392
0.377
0.344
0.341
0.364
0.468
0.384
0.488
0.483
0.477
0.483
0.464
0.483
0.493
0.481
0.390
0.370
0.478
0.482
0.482
0.468
0.470
0.486
0.483
0.481
0.475
0.484
0.486
0.481
0.480
0.485
0.481
0.463
0.480
0.490
0.484
0.481
0.476
0.485
0.485
0.480
0.478
0.481
0.469
0.482
0.481
0.399
0.481
0.482
0.482
0.484
0.482
0.383
0.480
0.485
0.485
0.484
0.484
0.485
0.485
0.363
0.487
0.447
0.489
0.483
0.484
0.448
0.487
0.483
0.366
0.363
0.364
0.363
0.486
0.483
0.482
0.509
0.492
0.484
0.484
0.525
0.481
0.485
0.485
0.492
0.465
0.485
0.483
0.488
0.485
0.488
0.485
0.493
0.488
0.483
0.486
0.489
0.487
0.483
0.486
0.492
0.483
0.484
0.484
0.489
0.485
0.497
0.484
0.490
0.487
0.485
0.486
0.488
0.470
0.485
0.465
0.490
0.485
0.485
0.485
0.491
0.484
0.483
0.485
0.491
0.488
0.483
0.487
0.488
0.489
0.484
0.485
0.478
0.485
0.483
0.483
0.466
0.487
0.395
0.492
0.449
0.490
0.485
0.489
0.436
0.489
0.483
0.487
0.430
0.486
0.483
0.484
0.415
0.486
0.470
0.484
0.401
0.493
0.483
0.487
0.383
0.491
0.484
0.486
0.398
0.489
0.483
0.486
0.404
0.490
0.490
0.483
0.389
0.497
0.481
0.487
0.394
0.490
0.484
0.485
0.328
0.469
0.486
0.484
0.389
0.489
0.483
0.487
0.388
0.493
0.483
0.452
0.389
0.490
0.483
0.484
0.387
0.491
0.495
0.485
0.382
0.491
0.415
0.488
0.392
0.494
0.482
0.485
0.391
0.487
0.482
0.482
0.489
0.483
0.485
0.484
0.486
0.484
0.483
0.485
0.487
0.487
0.483
0.484
0.486
0.486
0.481
0.483
0.486
0.485
0.484
0.482
0.487
0.481
0.340
0.490
0.490
0.490
0.482
0.484
0.486
0.483
0.483
0.481
0.486
0.481
0.461
0.471
0.446
0.483
0.486
0.481
0.448
0.487
0.486
0.482
0.450
0.484
0.486
0.480
0.452
0.482
0.481
0.482
0.490
0.481
0.463
0.484
0.486
0.488
0.482
0.483
0.490
0.484
0.482
0.484
0.489
0.481
0.482
0.483
0.487
0.481
0.483
0.482
0.485
0.489
0.485
0.486
0.490
0.481
0.482
0.481
0.486
0.482
0.482
0.482
0.489
0.484
0.445
0.486
0.386
0.491
0.483
0.482
0.488
0.481
0.486
0.483
0.486
0.485
0.486
0.462
0.455
0.485
0.486
0.481
0.460
0.489
0.444
0.488
0.457
0.484
0.490
0.488
0.461
0.488
0.484
0.485
0.459
0.484
0.453
0.485
0.462
0.489
0.484
0.484
0.487
0.458
0.488
0.486
0.381
0.490
0.483
0.382
0.471
0.485
0.485
0.484
0.465
0.490
0.483
0.484
0.467
0.485
0.486
0.483
0.444
0.486
0.484
0.484
0.467
0.484
0.461
0.485
0.388
0.414
0.482
0.486
0.465
0.485
0.483
0.491
0.468
0.486
0.483
0.483
0.469
0.486
0.485
0.484
0.469
0.489
0.483
0.483
0.470
0.489
0.484
0.484
0.385
0.489
0.486
0.484
0.470
0.484
0.463
0.485
0.475
0.491
0.484
0.484
0.366
0.364
0.363
0.365
0.386
0.485
0.486
0.483
0.486
0.485
0.488
0.484
0.489
0.488
0.454
0.491
0.476
0.484
0.485
0.483
