0.435
0.543
0.510
0.520
0.504
0.504
0.497
0.499
0.558
0.498
0.549
0.487
0.499
0.456
0.500
0.498
0.497
0.510
0.515
0.507
0.501
0.552
0.556
0.503
0.449
0.500
0.472
0.501
0.497
0.553
0.555
0.501
0.498
0.499
0.555
0.559
0.500
0.501
0.482
0.506
0.456
0.485
0.538
0.610
0.508
0.502
0.505
0.499
0.400
0.385
0.364
0.384
0.393
0.383
0.384
0.383
0.387
0.499
0.552
0.502
0.501
0.507
0.499
0.561
0.501
0.554
0.506
0.501
0.502
0.497
0.556
0.505
0.501
0.497
0.380
0.499
0.453
0.499
0.501
0.499
0.381
0.506
0.496
0.503
0.498
0.505
0.497
0.499
0.498
0.499
0.500
0.524
0.500
0.500
0.482
0.506
0.557
0.559
0.503
0.504
0.499
0.498
0.551
0.496
0.498
0.449
0.603
0.613
0.540
0.510
0.506
0.500
0.498
0.518
0.555
0.557
0.551
0.552
0.553
0.509
0.552
0.500
0.496
0.498
0.554
0.508
0.500
0.497
0.505
0.556
0.552
0.502
0.555
0.499
0.498
0.494
0.505
0.510
0.452
0.495
0.495
0.551
0.551
0.554
0.553
0.551
0.498
0.558
0.463
0.496
0.497
0.498
0.498
0.555
0.553
0.389
0.470
0.502
0.501
0.499
0.499
0.552
0.552
0.453
0.495
0.502
0.491
0.484
0.498
0.504
0.552
0.541
0.533
0.501
0.505
0.567
0.385
0.497
0.544
0.390
0.506
0.504
0.503
0.498
0.526
0.487
0.519
0.501
0.504
0.498
0.532
0.505
0.499
0.496
0.501
0.553
0.501
0.500
0.504
0.461
0.505
0.497
0.513
0.503
0.502
0.498
0.469
0.485
0.501
0.502
0.504
0.504
0.530
0.499
0.501
0.504
0.503
0.496
0.527
0.500
0.500
0.488
0.526
0.500
0.502
0.396
0.507
0.559
0.528
0.487
0.497
0.496
0.597
0.563
0.540
0.503
0.501
0.521
0.562
0.503
0.503
0.556
0.554
0.560
0.498
0.500
0.555
0.558
0.507
0.500
0.556
0.559
0.555
0.513
0.499
0.501
0.512
0.503
0.502
0.506
0.500
0.506
0.502
0.501
0.503
0.502
0.558
0.554
0.475
0.502
0.552
0.504
0.504
0.504
0.556
0.565
0.505
0.507
0.560
0.555
0.496
0.498
0.498
0.500
0.554
0.552
0.558
0.558
0.554
0.502
0.498
0.503
0.498
0.499
0.460
0.500
0.500
0.505
0.502
0.499
0.519
0.556
0.507
0.558
0.555
0.549
0.498
0.502
0.500
0.499
0.499
0.562
0.502
0.499
0.498
0.555
0.502
0.498
0.497
0.500
0.505
0.555
0.477
0.516
0.502
0.501
0.504
0.509
0.501
0.506
0.496
0.535
0.515
0.499
0.460
0.394
0.454
0.505
0.498
0.499
0.499
0.393
0.514
0.494
0.542
0.493
0.553
0.553
0.500
0.499
0.552
0.551
0.501
0.586
0.385
0.555
0.552
0.552
0.499
0.507
0.500
0.499
0.518
0.498
0.500
0.501
0.554
0.552
0.509
0.509
0.497
0.553
0.524
0.509
0.500
0.555
0.554
0.500
0.554
0.551
0.552
0.496
0.497
0.498
0.498
0.503
0.498
0.499
0.496
0.551
0.502
0.552
0.481
0.494
0.555
0.552
0.386
0.498
0.498
0.380
0.550
0.507
0.556
0.525
0.377
0.364
0.557
0.531
0.553
0.498
0.496
0.502
0.463
0.500
0.491
0.524
0.496
0.526
0.497
0.503
0.497
0.522
0.497
0.502
0.508
0.524
0.494
0.500
0.552
0.502
0.500
0.509
0.495
0.393
0.552
0.503
0.502
0.506
0.490
0.497
0.554
0.505
0.381
0.505
0.496
0.503
0.508
0.500
0.506
0.508
0.496
0.503
0.496
0.511
0.494
0.383
0.391
0.528
0.382
0.504
0.383
0.384
0.495
0.475
0.504
0.512
0.576
0.524
0.495
0.501
0.498
0.525
0.476
0.503
0.493
0.524
0.497
0.500
0.499
0.555
0.553
0.506
0.498
0.499
0.353
0.503
0.498
0.506
0.500
0.499
0.502
0.493
0.497
0.497
0.499
0.501
0.499
0.503
0.512
0.556
0.554
0.494
0.555
0.557
0.541
0.498
0.500
0.500
0.499
0.453
0.502
0.502
0.501
0.504
0.498
0.555
0.497
0.499
0.496
0.552
0.451
0.501
0.499
0.496
0.506
0.500
0.498
0.556
0.389
0.507
0.550
0.487
0.497
0.553
0.497
0.555
0.527
0.556
0.554
0.554
0.444
0.498
0.497
0.471
0.498
0.504
0.509
0.474
0.497
0.519
0.502
0.556
0.503
0.555
0.498
0.560
0.497
0.499
0.498
0.396
0.505
0.505
0.495
0.503
0.555
0.499
0.500
0.557
0.497
0.553
0.501
0.497
0.498
0.499
0.500
0.557
0.500
0.468
0.460
0.502
0.501
0.554
0.553
0.556
0.504
0.554
0.497
0.502
0.500
0.504
0.500
0.497
0.506
0.507
0.496
0.500
0.386
0.486
0.501
0.538
0.499
0.493
0.481
0.501
0.500
0.496
0.505
0.496
0.524
0.497
0.503
0.561
0.521
0.554
0.497
0.496
0.497
0.561
0.501
0.503
0.501
0.494
0.515
0.556
0.518
0.502
0.520
0.493
0.501
0.387
0.475
0.495
0.501
0.420
0.381
0.385
0.395
0.498
0.384
0.389
0.386
0.561
0.504
0.485
0.518
0.487
0.522
0.503
0.499
0.381
0.381
0.381
0.381
0.448
0.385
0.386
0.486
0.496
0.517
0.492
0.519
0.496
0.518
0.555
0.507
0.483
0.519
0.495
0.503
0.552
0.381
0.359
0.381
0.384
0.394
0.493
0.494
0.495
0.495
0.494
0.499
0.495
0.493
0.554
0.496
0.502
0.449
0.387
0.383
0.496
0.386
0.382
0.381
0.385
0.379
0.497
0.495
0.485
0.499
0.495
0.487
0.496
0.382
0.387
0.382
0.383
0.383
0.499
0.385
0.492
0.492
0.495
0.555
0.554
0.491
0.498
0.556
0.494
0.495
0.499
0.552
0.552
0.547
0.494
0.495
0.478
0.495
0.493
0.551
0.493
0.495
0.497
0.503
0.498
0.494
0.456
0.496
0.555
0.495
0.495
0.491
0.466
0.500
0.505
0.494
0.506
0.502
0.454
0.448
0.496
0.497
0.501
0.498
0.553
0.556
0.493
0.554
0.504
0.466
0.496
0.494
0.496
0.495
0.553
0.553
0.554
0.553
0.463
0.494
0.497
0.500
0.500
0.497
0.552
0.499
0.495
0.501
0.494
0.553
0.554
0.500
0.554
0.503
0.369
0.554
0.497
0.494
0.553
0.495
0.504
0.496
0.556
0.495
0.496
0.555
0.556
0.496
0.502
0.508
0.503
0.496
0.496
0.557
0.495
0.555
0.486
0.394
0.511
0.554
0.502
0.557
0.497
0.475
0.504
0.506
0.509
0.497
0.498
0.495
0.496
0.463
0.494
0.497
0.502
0.495
0.555
0.497
0.555
0.500
0.391
0.496
0.502
0.494
0.496
0.497
0.498
0.498
0.502
0.497
0.499
0.495
0.503
0.494
0.504
0.496
0.517
0.554
0.524
0.483
0.388
0.380
0.481
0.467
0.517
0.386
0.506
0.496
0.382
0.504
0.460
0.509
0.465
0.477
0.390
0.384
0.516
0.493
0.454
0.494
0.554
0.501
0.505
0.491
0.384
0.491
0.388
0.381
0.383
0.553
0.556
0.450
0.449
0.490
0.476
0.496
0.496
0.499
0.497
0.499
0.553
0.492
0.492
0.500
0.552
0.491
0.387
0.539
0.501
0.490
0.493
0.496
0.459
0.498
0.493
0.555
0.553
0.496
0.492
0.494
0.492
0.494
0.559
0.551
0.468
0.385
0.492
0.552
0.553
0.493
0.493
0.552
0.492
0.508
0.493
0.552
0.384
0.495
0.502
0.555
0.494
0.555
0.553
0.502
0.502
0.501
0.555
0.491
0.552
0.434
0.555
0.496
0.558
0.553
0.499
0.387
0.494
0.507
0.480
0.495
0.490
0.495
0.490
0.492
0.498
0.507
0.491
0.496
0.557
0.557
0.500
0.497
0.493
0.492
0.497
0.466
0.493
0.493
0.551
0.492
0.501
0.385
0.494
0.493
0.498
0.492
0.492
0.494
0.488
0.552
0.552
0.553
0.400
0.552
0.555
0.498
0.563
0.554
0.552
0.498
0.501
0.552
0.494
0.498
0.493
0.492
0.497
0.499
0.491
0.494
0.491
