1 0.435
2 0.543
3 0.510
4 0.520
5 0.504
6 0.504
7 0.497
8 0.499
9 0.558
10 0.498
11 0.549
12 0.487
13 0.499
14 0.456
15 0.500
16 0.498
17 0.497
18 0.510
19 0.515
20 0.507
21 0.501
22 0.552
23 0.556
24 0.503
25 0.449
26 0.500
27 0.472
28 0.501
29 0.497
30 0.553
31 0.555
32 0.501
33 0.498
34 0.499
35 0.555
36 0.559
37 0.500
38 0.501
39 0.482
40 0.506
41 0.456
42 0.485
43 0.538
44 0.610
45 0.508
46 0.502
47 0.505
48 0.499
49 0.400
50 0.385
51 0.364
52 0.384
53 0.393
54 0.383
55 0.384
56 0.383
57 0.387
58 0.499
59 0.552
60 0.502
61 0.501
62 0.507
63 0.499
64 0.561
65 0.501
66 0.554
67 0.506
68 0.501
69 0.502
70 0.497
71 0.556
72 0.505
73 0.501
74 0.497
75 0.380
76 0.499
77 0.453
78 0.499
79 0.501
80 0.499
81 0.381
82 0.506
83 0.496
84 0.503
85 0.498
86 0.505
87 0.497
88 0.499
89 0.498
90 0.499
91 0.500
92 0.524
93 0.500
94 0.500
95 0.482
96 0.506
97 0.557
98 0.559
99 0.503
100 0.504
101 0.499
102 0.498
103 0.551
104 0.496
105 0.498
106 0.449
107 0.603
108 0.613
109 0.540
110 0.510
111 0.506
112 0.500
113 0.498
114 0.518
115 0.555
116 0.557
117 0.551
118 0.552
119 0.553
120 0.509
121 0.552
122 0.500
123 0.496
124 0.498
125 0.554
126 0.508
127 0.500
128 0.497
129 0.505
130 0.556
131 0.552
132 0.502
133 0.555
134 0.499
135 0.498
136 0.494
137 0.505
138 0.510
139 0.452
140 0.495
141 0.495
142 0.551
143 0.551
144 0.554
145 0.553
146 0.551
147 0.498
148 0.558
149 0.463
150 0.496
151 0.497
152 0.498
153 0.498
154 0.555
155 0.553
156 0.389
157 0.470
158 0.502
159 0.501
160 0.499
161 0.499
162 0.552
163 0.552
164 0.453
165 0.495
166 0.502
167 0.491
168 0.484
169 0.498
170 0.504
171 0.552
172 0.541
173 0.533
174 0.501
175 0.505
176 0.567
177 0.385
178 0.497
179 0.544
180 0.390
181 0.506
182 0.504
183 0.503
184 0.498
185 0.526
186 0.487
187 0.519
188 0.501
189 0.504
190 0.498
191 0.532
192 0.505
193 0.499
194 0.496
195 0.501
196 0.553
197 0.501
198 0.500
199 0.504
200 0.461
201 0.505
202 0.497
203 0.513
204 0.503
205 0.502
206 0.498
207 0.469
208 0.485
209 0.501
210 0.502
211 0.504
212 0.504
213 0.530
214 0.499
215 0.501
216 0.504
217 0.503
218 0.496
219 0.527
220 0.500
221 0.500
222 0.488
223 0.526
224 0.500
225 0.502
226 0.396
227 0.507
228 0.559
229 0.528
230 0.487
231 0.497
232 0.496
233 0.597
234 0.563
235 0.540
236 0.503
237 0.501
238 0.521
239 0.562
240 0.503
241 0.503
242 0.556
243 0.554
244 0.560
245 0.498
246 0.500
247 0.555
248 0.558
249 0.507
250 0.500
251 0.556
252 0.559
253 0.555
254 0.513
255 0.499
256 0.501
257 0.512
258 0.503
259 0.502
260 0.506
261 0.500
262 0.506
263 0.502
264 0.501
265 0.503
266 0.502
267 0.558
268 0.554
269 0.475
270 0.502
271 0.552
272 0.504
273 0.504
274 0.504
275 0.556
276 0.565
277 0.505
278 0.507
279 0.560
280 0.555
281 0.496
282 0.498
283 0.498
284 0.500
285 0.554
286 0.552
287 0.558
288 0.558
289 0.554
290 0.502
291 0.498
292 0.503
293 0.498
294 0.499
295 0.460
296 0.500
297 0.500
298 0.505
299 0.502
300 0.499
301 0.519
302 0.556
303 0.507
304 0.558
305 0.555
306 0.549
307 0.498
308 0.502
309 0.500
310 0.499
311 0.499
312 0.562
313 0.502
314 0.499
315 0.498
316 0.555
317 0.502
318 0.498
319 0.497
320 0.500
321 0.505
322 0.555
323 0.477
324 0.516
325 0.502
326 0.501
327 0.504
328 0.509
329 0.501
330 0.506
331 0.496
332 0.535
333 0.515
334 0.499
335 0.460
336 0.394
337 0.454
338 0.505
339 0.498
340 0.499
341 0.499
342 0.393
343 0.514
344 0.494
345 0.542
346 0.493
347 0.553
348 0.553
349 0.500
350 0.499
351 0.552
352 0.551
353 0.501
354 0.586
355 0.385
356 0.555
357 0.552
358 0.552
359 0.499
360 0.507
361 0.500
362 0.499
363 0.518
364 0.498
365 0.500
366 0.501
367 0.554
368 0.552
369 0.509
370 0.509
371 0.497
372 0.553
373 0.524
374 0.509
375 0.500
376 0.555
377 0.554
378 0.500
379 0.554
380 0.551
381 0.552
382 0.496
383 0.497
384 0.498
385 0.498
386 0.503
387 0.498
388 0.499
389 0.496
390 0.551
391 0.502
392 0.552
393 0.481
394 0.494
395 0.555
396 0.552
397 0.386
398 0.498
399 0.498
400 0.380
401 0.550
402 0.507
403 0.556
404 0.525
405 0.377
406 0.364
407 0.557
408 0.531
409 0.553
410 0.498
411 0.496
412 0.502
413 0.463
414 0.500
415 0.491
416 0.524
417 0.496
418 0.526
419 0.497
420 0.503
421 0.497
422 0.522
423 0.497
424 0.502
425 0.508
426 0.524
427 0.494
428 0.500
429 0.552
430 0.502
431 0.500
432 0.509
433 0.495
434 0.393
435 0.552
436 0.503
437 0.502
438 0.506
439 0.490
440 0.497
441 0.554
442 0.505
443 0.381
444 0.505
445 0.496
446 0.503
447 0.508
448 0.500
449 0.506
450 0.508
451 0.496
452 0.503
453 0.496
454 0.511
455 0.494
456 0.383
457 0.391
458 0.528
459 0.382
460 0.504
461 0.383
462 0.384
463 0.495
464 0.475
465 0.504
466 0.512
467 0.576
468 0.524
469 0.495
470 0.501
471 0.498
472 0.525
473 0.476
474 0.503
475 0.493
476 0.524
477 0.497
478 0.500
479 0.499
480 0.555
481 0.553
482 0.506
483 0.498
484 0.499
485 0.353
486 0.503
487 0.498
488 0.506
489 0.500
490 0.499
491 0.502
492 0.493
493 0.497
494 0.497
495 0.499
496 0.501
497 0.499
498 0.503
499 0.512
500 0.556
501 0.554
502 0.494
503 0.555
504 0.557
505 0.541
506 0.498
507 0.500
508 0.500
509 0.499
510 0.453
511 0.502
512 0.502
513 0.501
514 0.504
515 0.498
516 0.555
517 0.497
518 0.499
519 0.496
520 0.552
521 0.451
522 0.501
523 0.499
524 0.496
525 0.506
526 0.500
527 0.498
528 0.556
529 0.389
530 0.507
531 0.550
532 0.487
533 0.497
534 0.553
535 0.497
536 0.555
537 0.527
538 0.556
539 0.554
540 0.554
541 0.444
542 0.498
543 0.497
544 0.471
545 0.498
546 0.504
547 0.509
548 0.474
549 0.497
550 0.519
551 0.502
552 0.556
553 0.503
554 0.555
555 0.498
556 0.560
557 0.497
558 0.499
559 0.498
560 0.396
561 0.505
562 0.505
563 0.495
564 0.503
565 0.555
566 0.499
567 0.500
568 0.557
569 0.497
570 0.553
571 0.501
572 0.497
573 0.498
574 0.499
575 0.500
576 0.557
577 0.500
578 0.468
579 0.460
580 0.502
581 0.501
582 0.554
583 0.553
584 0.556
585 0.504
586 0.554
587 0.497
588 0.502
589 0.500
590 0.504
591 0.500
592 0.497
593 0.506
594 0.507
595 0.496
596 0.500
597 0.386
598 0.486
599 0.501
600 0.538
601 0.499
602 0.493
603 0.481
604 0.501
605 0.500
606 0.496
607 0.505
608 0.496
609 0.524
610 0.497
611 0.503
612 0.561
613 0.521
614 0.554
615 0.497
616 0.496
617 0.497
618 0.561
619 0.501
620 0.503
621 0.501
622 0.494
623 0.515
624 0.556
625 0.518
626 0.502
627 0.520
628 0.493
629 0.501
630 0.387
631 0.475
632 0.495
633 0.501
634 0.420
635 0.381
636 0.385
637 0.395
638 0.498
639 0.384
640 0.389
641 0.386
642 0.561
643 0.504
644 0.485
645 0.518
646 0.487
647 0.522
648 0.503
649 0.499
650 0.381
651 0.381
652 0.381
653 0.381
654 0.448
655 0.385
656 0.386
657 0.486
658 0.496
659 0.517
660 0.492
661 0.519
662 0.496
663 0.518
664 0.555
665 0.507
666 0.483
667 0.519
668 0.495
669 0.503
670 0.552
671 0.381
672 0.359
673 0.381
674 0.384
675 0.394
676 0.493
677 0.494
678 0.495
679 0.495
680 0.494
681 0.499
682 0.495
683 0.493
684 0.554
685 0.496
686 0.502
687 0.449
688 0.387
689 0.383
690 0.496
691 0.386
692 0.382
693 0.381
694 0.385
695 0.379
696 0.497
697 0.495
698 0.485
699 0.499
700 0.495
701 0.487
702 0.496
703 0.382
704 0.387
705 0.382
706 0.383
707 0.383
708 0.499
709 0.385
710 0.492
711 0.492
712 0.495
713 0.555
714 0.554
715 0.491
716 0.498
717 0.556
718 0.494
719 0.495
720 0.499
721 0.552
722 0.552
723 0.547
724 0.494
725 0.495
726 0.478
727 0.495
728 0.493
729 0.551
730 0.493
731 0.495
732 0.497
733 0.503
734 0.498
735 0.494
736 0.456
737 0.496
738 0.555
739 0.495
740 0.495
741 0.491
742 0.466
743 0.500
744 0.505
745 0.494
746 0.506
747 0.502
748 0.454
749 0.448
750 0.496
751 0.497
752 0.501
753 0.498
754 0.553
755 0.556
756 0.493
757 0.554
758 0.504
759 0.466
760 0.496
761 0.494
762 0.496
763 0.495
764 0.553
765 0.553
766 0.554
767 0.553
768 0.463
769 0.494
770 0.497
771 0.500
772 0.500
773 0.497
774 0.552
775 0.499
776 0.495
777 0.501
778 0.494
779 0.553
780 0.554
781 0.500
782 0.554
783 0.503
784 0.369
785 0.554
786 0.497
787 0.494
788 0.553
789 0.495
790 0.504
791 0.496
792 0.556
793 0.495
794 0.496
795 0.555
796 0.556
797 0.496
798 0.502
799 0.508
800 0.503
801 0.496
802 0.496
803 0.557
804 0.495
805 0.555
806 0.486
807 0.394
808 0.511
809 0.554
810 0.502
811 0.557
812 0.497
813 0.475
814 0.504
815 0.506
816 0.509
817 0.497
818 0.498
819 0.495
820 0.496
821 0.463
822 0.494
823 0.497
824 0.502
825 0.495
826 0.555
827 0.497
828 0.555
829 0.500
830 0.391
831 0.496
832 0.502
833 0.494
834 0.496
835 0.497
836 0.498
837 0.498
838 0.502
839 0.497
840 0.499
841 0.495
842 0.503
843 0.494
844 0.504
845 0.496
846 0.517
847 0.554
848 0.524
849 0.483
850 0.388
851 0.380
852 0.481
853 0.467
854 0.517
855 0.386
856 0.506
857 0.496
858 0.382
859 0.504
860 0.460
861 0.509
862 0.465
863 0.477
864 0.390
865 0.384
866 0.516
867 0.493
868 0.454
869 0.494
870 0.554
871 0.501
872 0.505
873 0.491
874 0.384
875 0.491
876 0.388
877 0.381
878 0.383
879 0.553
880 0.556
881 0.450
882 0.449
883 0.490
884 0.476
885 0.496
886 0.496
887 0.499
888 0.497
889 0.499
890 0.553
891 0.492
892 0.492
893 0.500
894 0.552
895 0.491
896 0.387
897 0.539
898 0.501
899 0.490
900 0.493
901 0.496
902 0.459
903 0.498
904 0.493
905 0.555
906 0.553
907 0.496
908 0.492
909 0.494
910 0.492
911 0.494
912 0.559
913 0.551
914 0.468
915 0.385
916 0.492
917 0.552
918 0.553
919 0.493
920 0.493
921 0.552
922 0.492
923 0.508
924 0.493
925 0.552
926 0.384
927 0.495
928 0.502
929 0.555
930 0.494
931 0.555
932 0.553
933 0.502
934 0.502
935 0.501
936 0.555
937 0.491
938 0.552
939 0.434
940 0.555
941 0.496
942 0.558
943 0.553
944 0.499
945 0.387
946 0.494
947 0.507
948 0.480
949 0.495
950 0.490
951 0.495
952 0.490
953 0.492
954 0.498
955 0.507
956 0.491
957 0.496
958 0.557
959 0.557
960 0.500
961 0.497
962 0.493
963 0.492
964 0.497
965 0.466
966 0.493
967 0.493
968 0.551
969 0.492
970 0.501
971 0.385
972 0.494
973 0.493
974 0.498
975 0.492
976 0.492
977 0.494
978 0.488
979 0.552
980 0.552
981 0.553
982 0.400
983 0.552
984 0.555
985 0.498
986 0.563
987 0.554
988 0.552
989 0.498
990 0.501
991 0.552
992 0.494
993 0.498
994 0.493
995 0.492
996 0.497
997 0.499
998 0.491
999 0.494
1000 0.491
