1 0.433
2 0.367
3 0.384
4 0.363
5 0.364
6 0.367
7 0.366
8 0.361
9 0.364
10 0.341
11 0.363
12 0.358
13 0.387
14 0.361
15 0.363
16 0.363
17 0.360
18 0.328
19 0.323
20 0.321
21 0.311
22 0.360
23 0.367
24 0.358
25 0.363
26 0.360
27 0.323
28 0.322
29 0.321
30 0.312
31 0.311
32 0.314
33 0.294
34 0.361
35 0.304
36 0.313
37 0.363
38 0.364
39 0.335
40 0.331
41 0.332
42 0.296
43 0.294
44 0.371
45 0.333
46 0.357
47 0.366
48 0.331
49 0.316
50 0.321
51 0.328
52 0.312
53 0.311
54 0.311
55 0.361
56 0.326
57 0.366
58 0.364
59 0.328
60 0.327
61 0.325
62 0.330
63 0.312
64 0.312
65 0.311
66 0.366
67 0.326
68 0.357
69 0.358
70 0.332
71 0.326
72 0.325
73 0.327
74 0.311
75 0.313
76 0.310
77 0.365
78 0.337
79 0.371
80 0.361
81 0.332
82 0.331
83 0.330
84 0.325
85 0.311
86 0.311
87 0.311
88 0.365
89 0.330
90 0.367
91 0.364
92 0.302
93 0.325
94 0.315
95 0.311
96 0.320
97 0.301
98 0.294
99 0.336
100 0.335
101 0.324
102 0.449
103 0.455
104 0.456
105 0.460
106 0.457
107 0.389
108 0.363
109 0.362
110 0.372
111 0.456
112 0.440
113 0.378
114 0.375
115 0.362
116 0.362
117 0.360
118 0.362
119 0.368
120 0.484
121 0.456
122 0.456
123 0.456
124 0.458
125 0.459
126 0.456
127 0.456
128 0.392
129 0.455
130 0.455
131 0.454
132 0.454
133 0.455
134 0.454
135 0.456
136 0.462
137 0.455
138 0.456
139 0.456
140 0.458
141 0.459
142 0.453
143 0.456
144 0.481
145 0.324
146 0.321
147 0.326
148 0.321
149 0.322
150 0.322
151 0.321
152 0.321
153 0.323
154 0.322
155 0.326
156 0.457
157 0.457
158 0.456
159 0.475
160 0.457
161 0.452
162 0.451
163 0.453
164 0.443
165 0.474
166 0.460
167 0.474
168 0.455
169 0.455
170 0.455
171 0.453
172 0.386
173 0.453
174 0.452
175 0.457
176 0.387
177 0.447
178 0.453
179 0.453
180 0.454
181 0.452
182 0.456
183 0.453
184 0.453
185 0.453
186 0.454
187 0.453
188 0.454
189 0.458
190 0.453
191 0.453
192 0.458
193 0.452
194 0.456
195 0.456
196 0.454
197 0.456
198 0.453
199 0.460
200 0.454
201 0.457
202 0.453
203 0.453
204 0.453
205 0.369
206 0.455
207 0.458
208 0.457
209 0.453
210 0.454
211 0.455
212 0.452
213 0.453
214 0.450
215 0.453
216 0.454
217 0.453
218 0.454
219 0.457
220 0.456
221 0.456
222 0.398
223 0.453
224 0.458
225 0.456
226 0.452
227 0.452
228 0.452
229 0.454
230 0.440
231 0.455
232 0.450
233 0.453
234 0.460
235 0.455
236 0.453
237 0.453
238 0.479
239 0.301
240 0.324
241 0.315
242 0.363
243 0.361
244 0.362
245 0.364
246 0.361
247 0.297
248 0.321
249 0.315
250 0.366
251 0.361
252 0.361
253 0.361
254 0.362
255 0.363
256 0.328
257 0.326
258 0.322
259 0.321
260 0.296
261 0.313
262 0.311
263 0.312
264 0.312
265 0.311
266 0.360
267 0.361
268 0.319
269 0.323
270 0.351
271 0.312
272 0.316
273 0.449
274 0.451
275 0.362
276 0.362
277 0.362
278 0.361
279 0.361
280 0.360
281 0.362
282 0.452
283 0.453
284 0.364
285 0.456
286 0.454
287 0.453
288 0.365
289 0.363
290 0.449
291 0.452
292 0.361
293 0.362
294 0.361
295 0.361
296 0.366
297 0.323
298 0.295
299 0.322
300 0.303
301 0.296
302 0.297
303 0.313
304 0.312
305 0.311
306 0.313
307 0.311
308 0.362
309 0.324
310 0.333
311 0.325
312 0.325
313 0.339
314 0.314
315 0.312
316 0.319
317 0.361
318 0.362
319 0.362
320 0.327
321 0.322
322 0.349
323 0.362
324 0.365
325 0.363
326 0.361
327 0.325
328 0.325
329 0.325
330 0.313
331 0.361
332 0.328
333 0.366
334 0.451
335 0.458
336 0.462
337 0.455
338 0.454
339 0.365
340 0.364
341 0.362
342 0.367
343 0.455
344 0.385
345 0.458
346 0.456
347 0.455
348 0.454
349 0.454
350 0.454
351 0.451
352 0.472
353 0.456
354 0.477
355 0.453
356 0.454
357 0.454
358 0.453
359 0.449
360 0.452
361 0.454
362 0.467
363 0.457
364 0.473
365 0.454
366 0.456
367 0.397
368 0.457
369 0.453
370 0.451
371 0.455
372 0.456
373 0.453
374 0.454
375 0.431
376 0.454
377 0.452
378 0.454
379 0.454
380 0.451
381 0.452
382 0.452
383 0.452
384 0.459
385 0.380
386 0.454
387 0.457
388 0.453
389 0.452
390 0.452
391 0.452
392 0.457
393 0.455
394 0.456
395 0.456
396 0.452
397 0.451
398 0.453
399 0.454
400 0.400
401 0.453
402 0.455
403 0.456
404 0.455
405 0.455
406 0.458
407 0.452
408 0.457
409 0.452
410 0.453
411 0.446
412 0.453
413 0.453
414 0.458
415 0.454
416 0.459
417 0.449
418 0.451
419 0.454
420 0.459
421 0.458
422 0.455
423 0.379
424 0.361
425 0.364
426 0.455
427 0.452
428 0.455
429 0.454
430 0.458
431 0.453
432 0.457
433 0.452
434 0.448
435 0.456
436 0.455
437 0.455
438 0.454
439 0.455
440 0.451
441 0.453
442 0.443
443 0.453
444 0.453
445 0.456
446 0.453
447 0.456
448 0.459
449 0.454
450 0.364
451 0.325
452 0.362
453 0.360
454 0.361
455 0.323
456 0.323
457 0.322
458 0.321
459 0.322
460 0.361
461 0.384
462 0.363
463 0.360
464 0.364
465 0.363
466 0.322
467 0.321
468 0.312
469 0.311
470 0.361
471 0.314
472 0.361
473 0.360
474 0.386
475 0.362
476 0.360
477 0.361
478 0.326
479 0.321
480 0.325
481 0.324
482 0.362
483 0.454
484 0.453
485 0.454
486 0.453
487 0.455
488 0.458
489 0.454
490 0.459
491 0.454
492 0.454
493 0.457
494 0.453
495 0.458
496 0.459
497 0.371
498 0.362
499 0.363
500 0.454
501 0.458
502 0.452
503 0.454
504 0.456
505 0.454
506 0.459
507 0.463
508 0.453
509 0.454
510 0.458
511 0.452
512 0.456
513 0.454
514 0.454
515 0.452
516 0.453
517 0.456
518 0.455
519 0.456
520 0.453
521 0.456
522 0.454
523 0.453
524 0.450
525 0.463
526 0.455
527 0.454
528 0.459
529 0.453
530 0.382
531 0.362
532 0.361
533 0.300
534 0.324
535 0.322
536 0.322
537 0.322
538 0.322
539 0.322
540 0.322
541 0.322
542 0.323
543 0.322
544 0.366
545 0.393
546 0.394
547 0.444
548 0.454
549 0.457
550 0.361
551 0.361
552 0.361
553 0.358
554 0.452
555 0.456
556 0.454
557 0.454
558 0.454
559 0.300
560 0.365
561 0.364
562 0.363
563 0.454
564 0.454
565 0.453
566 0.453
567 0.452
568 0.296
569 0.366
570 0.362
571 0.405
572 0.453
573 0.457
574 0.456
575 0.454
576 0.457
577 0.366
578 0.361
579 0.361
580 0.362
581 0.454
582 0.456
583 0.453
584 0.361
585 0.361
586 0.361
587 0.360
588 0.360
589 0.360
590 0.449
591 0.454
592 0.365
593 0.364
594 0.362
595 0.373
596 0.361
597 0.361
598 0.322
599 0.370
600 0.362
601 0.362
602 0.364
603 0.362
604 0.361
605 0.321
606 0.322
607 0.323
608 0.326
609 0.323
610 0.296
611 0.312
612 0.311
613 0.310
614 0.325
615 0.311
616 0.301
617 0.338
618 0.312
619 0.310
620 0.326
621 0.333
622 0.364
623 0.362
624 0.365
625 0.328
626 0.326
627 0.327
628 0.311
629 0.311
630 0.312
631 0.325
632 0.334
633 0.362
634 0.366
635 0.361
636 0.327
637 0.327
638 0.326
639 0.312
640 0.314
641 0.310
642 0.333
643 0.335
644 0.366
645 0.363
646 0.363
647 0.330
648 0.326
649 0.325
650 0.311
651 0.310
652 0.364
653 0.329
654 0.359
655 0.455
656 0.459
657 0.454
658 0.456
659 0.457
660 0.462
661 0.456
662 0.456
663 0.457
664 0.455
665 0.459
666 0.456
667 0.456
668 0.458
669 0.455
670 0.454
671 0.388
672 0.459
673 0.459
674 0.456
675 0.457
676 0.457
677 0.452
678 0.452
679 0.393
680 0.467
681 0.455
682 0.454
683 0.452
684 0.453
685 0.452
686 0.385
687 0.361
688 0.453
689 0.453
690 0.455
691 0.453
692 0.454
693 0.456
694 0.453
695 0.453
696 0.388
697 0.456
698 0.452
699 0.455
700 0.453
701 0.456
702 0.453
703 0.453
704 0.469
705 0.446
706 0.454
707 0.453
708 0.454
709 0.456
710 0.452
711 0.452
712 0.454
713 0.449
714 0.454
715 0.453
716 0.381
717 0.456
718 0.456
719 0.454
720 0.458
721 0.384
722 0.454
723 0.455
724 0.455
725 0.455
726 0.455
727 0.457
728 0.455
729 0.480
730 0.456
731 0.421
732 0.456
733 0.453
734 0.452
735 0.455
736 0.457
737 0.479
738 0.320
739 0.323
740 0.324
741 0.321
742 0.322
743 0.324
744 0.297
745 0.326
746 0.323
747 0.331
748 0.331
749 0.365
750 0.367
751 0.380
752 0.374
753 0.371
754 0.370
755 0.376
756 0.321
757 0.321
758 0.323
759 0.321
760 0.320
761 0.321
762 0.323
763 0.321
764 0.324
765 0.322
766 0.322
767 0.321
768 0.321
769 0.322
770 0.316
771 0.307
772 0.289
773 0.290
774 0.284
775 0.281
776 0.282
777 0.285
778 0.371
779 0.370
780 0.372
781 0.373
782 0.371
783 0.371
784 0.375
785 0.370
786 0.370
787 0.371
788 0.369
789 0.371
790 0.371
791 0.371
792 0.327
793 0.370
794 0.372
795 0.372
796 0.362
797 0.365
798 0.366
799 0.362
800 0.363
801 0.362
802 0.361
803 0.364
804 0.362
805 0.362
806 0.363
807 0.362
808 0.362
809 0.357
810 0.355
811 0.355
812 0.355
813 0.358
814 0.355
815 0.357
816 0.356
817 0.284
818 0.354
819 0.355
820 0.355
821 0.355
822 0.351
823 0.347
824 0.348
825 0.350
826 0.349
827 0.348
828 0.349
829 0.350
830 0.347
831 0.347
832 0.348
833 0.348
834 0.348
835 0.345
836 0.343
837 0.343
838 0.343
839 0.341
840 0.348
841 0.344
842 0.345
843 0.345
844 0.343
845 0.347
846 0.341
847 0.345
848 0.343
849 0.339
850 0.339
851 0.302
852 0.297
853 0.339
854 0.338
855 0.341
856 0.339
857 0.339
858 0.339
859 0.340
860 0.338
861 0.340
862 0.297
863 0.296
864 0.338
865 0.301
866 0.337
867 0.336
868 0.337
869 0.338
870 0.337
871 0.337
872 0.335
873 0.336
874 0.338
875 0.339
876 0.339
877 0.334
878 0.337
879 0.334
880 0.334
881 0.338
882 0.334
883 0.333
884 0.339
885 0.335
886 0.332
887 0.338
888 0.335
889 0.337
890 0.329
891 0.326
892 0.330
893 0.326
894 0.327
895 0.327
896 0.329
897 0.324
898 0.325
899 0.326
900 0.328
901 0.325
902 0.326
903 0.326
904 0.332
905 0.332
906 0.331
907 0.339
908 0.331
909 0.330
910 0.329
911 0.330
912 0.330
913 0.333
914 0.330
915 0.334
916 0.329
917 0.331
918 0.329
919 0.329
920 0.332
921 0.328
922 0.328
923 0.331
924 0.329
925 0.329
926 0.330
927 0.330
928 0.333
929 0.334
930 0.331
931 0.333
932 0.331
933 0.332
934 0.329
935 0.330
936 0.330
937 0.331
938 0.331
939 0.333
940 0.328
941 0.330
942 0.331
943 0.330
944 0.333
945 0.333
946 0.332
947 0.327
948 0.329
949 0.329
950 0.330
951 0.330
952 0.331
953 0.330
954 0.330
955 0.331
956 0.334
957 0.330
958 0.329
959 0.333
960 0.333
961 0.329
962 0.330
963 0.330
964 0.329
965 0.331
966 0.329
967 0.329
968 0.333
969 0.331
970 0.330
971 0.330
972 0.333
973 0.330
974 0.330
975 0.331
976 0.332
977 0.329
978 0.330
979 0.331
980 0.333
981 0.333
982 0.330
983 0.331
984 0.331
985 0.333
986 0.330
987 0.331
988 0.330
989 0.330
990 0.333
991 0.330
992 0.330
993 0.330
994 0.331
995 0.330
996 0.333
997 0.331
998 0.332
999 0.330
1000 0.332
