1 0.425
2 0.351
3 0.348
4 0.346
5 0.328
6 0.323
7 0.309
8 0.318
9 0.349
10 0.328
11 0.307
12 0.303
13 0.364
14 0.342
15 0.369
16 0.459
17 0.479
18 0.492
19 0.344
20 0.339
21 0.314
22 0.364
23 0.323
24 0.318
25 0.314
26 0.315
27 0.369
28 0.487
29 0.483
30 0.486
31 0.471
32 0.334
33 0.567
34 0.404
35 0.382
36 0.387
37 0.382
38 0.324
39 0.363
40 0.485
41 0.483
42 0.481
43 0.410
44 0.489
45 0.504
46 0.482
47 0.462
48 0.471
49 0.378
50 0.384
51 0.353
52 0.484
53 0.481
54 0.381
55 0.445
56 0.485
57 0.391
58 0.487
59 0.447
60 0.484
61 0.483
62 0.485
63 0.386
64 0.487
65 0.481
66 0.487
67 0.460
68 0.488
69 0.482
70 0.485
71 0.481
72 0.481
73 0.483
74 0.483
75 0.447
76 0.487
77 0.481
78 0.481
79 0.445
80 0.484
81 0.376
82 0.492
83 0.445
84 0.484
85 0.482
86 0.482
87 0.486
88 0.483
89 0.483
90 0.486
91 0.486
92 0.462
93 0.483
94 0.480
95 0.489
96 0.481
97 0.481
98 0.486
99 0.487
100 0.483
101 0.486
102 0.482
103 0.487
104 0.482
105 0.492
106 0.484
107 0.486
108 0.484
109 0.484
110 0.487
111 0.487
112 0.483
113 0.452
114 0.488
115 0.486
116 0.483
117 0.482
118 0.482
119 0.491
120 0.451
121 0.487
122 0.483
123 0.461
124 0.484
125 0.486
126 0.487
127 0.463
128 0.485
129 0.482
130 0.489
131 0.463
132 0.486
133 0.485
134 0.485
135 0.463
136 0.486
137 0.391
138 0.483
139 0.464
140 0.484
141 0.483
142 0.485
143 0.491
144 0.448
145 0.389
146 0.389
147 0.465
148 0.486
149 0.475
150 0.485
151 0.467
152 0.487
153 0.485
154 0.383
155 0.366
156 0.362
157 0.363
158 0.362
159 0.470
160 0.485
161 0.486
162 0.488
163 0.471
164 0.486
165 0.487
166 0.484
167 0.469
168 0.486
169 0.484
170 0.383
171 0.477
172 0.490
173 0.485
174 0.484
175 0.471
176 0.486
177 0.463
178 0.494
179 0.478
180 0.484
181 0.485
182 0.364
183 0.475
184 0.363
185 0.365
186 0.363
187 0.475
188 0.368
189 0.363
190 0.365
191 0.367
192 0.491
193 0.483
194 0.488
195 0.473
196 0.484
197 0.447
198 0.486
199 0.482
200 0.484
201 0.484
202 0.486
203 0.476
204 0.486
205 0.479
206 0.486
207 0.480
208 0.483
209 0.469
210 0.490
211 0.477
212 0.484
213 0.487
214 0.485
215 0.364
216 0.469
217 0.486
218 0.484
219 0.480
220 0.449
221 0.486
222 0.483
223 0.481
224 0.484
225 0.484
226 0.488
227 0.483
228 0.484
229 0.484
230 0.487
231 0.486
232 0.483
233 0.484
234 0.484
235 0.484
236 0.485
237 0.484
238 0.484
239 0.484
240 0.484
241 0.479
242 0.485
243 0.366
244 0.363
245 0.364
246 0.363
247 0.489
248 0.483
249 0.484
250 0.511
251 0.484
252 0.381
253 0.384
254 0.364
255 0.486
256 0.487
257 0.485
258 0.500
259 0.483
260 0.488
261 0.485
262 0.489
263 0.482
264 0.486
265 0.484
266 0.494
267 0.485
268 0.488
269 0.487
270 0.492
271 0.482
272 0.483
273 0.483
274 0.492
275 0.482
276 0.483
277 0.482
278 0.490
279 0.480
280 0.484
281 0.483
282 0.487
283 0.481
284 0.484
285 0.481
286 0.488
287 0.480
288 0.483
289 0.487
290 0.372
291 0.380
292 0.349
293 0.363
294 0.377
295 0.490
296 0.488
297 0.363
298 0.391
299 0.321
300 0.295
301 0.363
302 0.378
303 0.486
304 0.488
305 0.484
306 0.390
307 0.492
308 0.483
309 0.363
310 0.392
311 0.363
312 0.361
313 0.328
314 0.417
315 0.460
316 0.482
317 0.482
318 0.385
319 0.487
320 0.448
321 0.488
322 0.449
323 0.487
324 0.481
325 0.486
326 0.436
327 0.484
328 0.474
329 0.453
330 0.427
331 0.484
332 0.481
333 0.483
334 0.417
335 0.486
336 0.489
337 0.481
338 0.412
339 0.486
340 0.482
341 0.481
342 0.403
343 0.487
344 0.480
345 0.483
346 0.335
347 0.491
348 0.481
349 0.461
350 0.399
351 0.487
352 0.481
353 0.484
354 0.388
355 0.487
356 0.482
357 0.482
358 0.396
359 0.487
360 0.484
361 0.436
362 0.367
363 0.490
364 0.486
365 0.481
366 0.393
367 0.485
368 0.443
369 0.483
370 0.453
371 0.483
372 0.384
373 0.489
374 0.382
375 0.487
376 0.491
377 0.483
378 0.383
379 0.488
380 0.476
381 0.486
382 0.383
383 0.489
384 0.393
385 0.371
386 0.370
387 0.363
388 0.365
389 0.364
390 0.317
391 0.316
392 0.310
393 0.311
394 0.311
395 0.310
396 0.311
397 0.311
398 0.311
399 0.312
400 0.313
401 0.510
402 0.516
403 0.505
404 0.505
405 0.501
406 0.490
407 0.505
408 0.506
409 0.490
410 0.455
411 0.497
412 0.499
413 0.494
414 0.331
415 0.498
416 0.494
417 0.495
418 0.464
419 0.492
420 0.490
421 0.490
422 0.453
423 0.487
424 0.484
425 0.482
426 0.443
427 0.484
428 0.475
429 0.497
430 0.387
431 0.468
432 0.386
433 0.482
434 0.400
435 0.478
436 0.476
437 0.475
438 0.387
439 0.497
440 0.478
441 0.475
442 0.378
443 0.478
444 0.491
445 0.466
446 0.358
447 0.479
448 0.387
449 0.501
450 0.459
451 0.481
452 0.481
453 0.446
454 0.463
455 0.481
456 0.481
457 0.479
458 0.442
459 0.489
460 0.488
461 0.483
462 0.460
463 0.486
464 0.353
465 0.491
466 0.470
467 0.490
468 0.446
469 0.486
470 0.453
471 0.485
472 0.484
473 0.485
474 0.365
475 0.363
476 0.365
477 0.367
478 0.459
479 0.484
480 0.487
481 0.486
482 0.464
483 0.485
484 0.485
485 0.483
486 0.489
487 0.483
488 0.491
489 0.483
490 0.458
491 0.486
492 0.483
493 0.484
494 0.458
495 0.486
496 0.450
497 0.487
498 0.460
499 0.463
500 0.489
501 0.479
502 0.454
503 0.486
504 0.484
505 0.484
506 0.496
507 0.390
508 0.487
509 0.484
510 0.460
511 0.485
512 0.483
513 0.484
514 0.404
515 0.488
516 0.486
517 0.484
518 0.463
519 0.485
520 0.487
521 0.487
522 0.462
523 0.485
524 0.484
525 0.485
526 0.489
527 0.483
528 0.454
529 0.487
530 0.473
531 0.483
532 0.484
533 0.484
534 0.390
535 0.485
536 0.482
537 0.482
538 0.459
539 0.482
540 0.485
541 0.484
542 0.466
543 0.482
544 0.482
545 0.380
546 0.473
547 0.484
548 0.486
549 0.481
550 0.463
551 0.483
552 0.483
553 0.482
554 0.468
555 0.487
556 0.481
557 0.481
558 0.467
559 0.485
560 0.460
561 0.371
562 0.379
563 0.363
564 0.361
565 0.361
566 0.470
567 0.469
568 0.475
569 0.481
570 0.450
571 0.488
572 0.482
573 0.485
574 0.467
575 0.484
576 0.367
577 0.361
578 0.366
579 0.361
580 0.324
581 0.392
582 0.377
583 0.344
584 0.341
585 0.364
586 0.468
587 0.384
588 0.488
589 0.483
590 0.477
591 0.483
592 0.464
593 0.483
594 0.493
595 0.481
596 0.390
597 0.370
598 0.478
599 0.482
600 0.482
601 0.468
602 0.470
603 0.486
604 0.483
605 0.481
606 0.475
607 0.484
608 0.486
609 0.481
610 0.480
611 0.485
612 0.481
613 0.463
614 0.480
615 0.490
616 0.484
617 0.481
618 0.476
619 0.485
620 0.485
621 0.480
622 0.478
623 0.481
624 0.469
625 0.482
626 0.481
627 0.399
628 0.481
629 0.482
630 0.482
631 0.484
632 0.482
633 0.383
634 0.480
635 0.485
636 0.485
637 0.484
638 0.484
639 0.485
640 0.485
641 0.363
642 0.487
643 0.447
644 0.489
645 0.483
646 0.484
647 0.448
648 0.487
649 0.483
650 0.366
651 0.363
652 0.364
653 0.363
654 0.486
655 0.483
656 0.482
657 0.509
658 0.492
659 0.484
660 0.484
661 0.525
662 0.481
663 0.485
664 0.485
665 0.492
666 0.465
667 0.485
668 0.483
669 0.488
670 0.485
671 0.488
672 0.485
673 0.493
674 0.488
675 0.483
676 0.486
677 0.489
678 0.487
679 0.483
680 0.486
681 0.492
682 0.483
683 0.484
684 0.484
685 0.489
686 0.485
687 0.497
688 0.484
689 0.490
690 0.487
691 0.485
692 0.486
693 0.488
694 0.470
695 0.485
696 0.465
697 0.490
698 0.485
699 0.485
700 0.485
701 0.491
702 0.484
703 0.483
704 0.485
705 0.491
706 0.488
707 0.483
708 0.487
709 0.488
710 0.489
711 0.484
712 0.485
713 0.478
714 0.485
715 0.483
716 0.483
717 0.466
718 0.487
719 0.395
720 0.492
721 0.449
722 0.490
723 0.485
724 0.489
725 0.436
726 0.489
727 0.483
728 0.487
729 0.430
730 0.486
731 0.483
732 0.484
733 0.415
734 0.486
735 0.470
736 0.484
737 0.401
738 0.493
739 0.483
740 0.487
741 0.383
742 0.491
743 0.484
744 0.486
745 0.398
746 0.489
747 0.483
748 0.486
749 0.404
750 0.490
751 0.490
752 0.483
753 0.389
754 0.497
755 0.481
756 0.487
757 0.394
758 0.490
759 0.484
760 0.485
761 0.328
762 0.469
763 0.486
764 0.484
765 0.389
766 0.489
767 0.483
768 0.487
769 0.388
770 0.493
771 0.483
772 0.452
773 0.389
774 0.490
775 0.483
776 0.484
777 0.387
778 0.491
779 0.495
780 0.485
781 0.382
782 0.491
783 0.415
784 0.488
785 0.392
786 0.494
787 0.482
788 0.485
789 0.391
790 0.487
791 0.482
792 0.482
793 0.489
794 0.483
795 0.485
796 0.484
797 0.486
798 0.484
799 0.483
800 0.485
801 0.487
802 0.487
803 0.483
804 0.484
805 0.486
806 0.486
807 0.481
808 0.483
809 0.486
810 0.485
811 0.484
812 0.482
813 0.487
814 0.481
815 0.340
816 0.490
817 0.490
818 0.490
819 0.482
820 0.484
821 0.486
822 0.483
823 0.483
824 0.481
825 0.486
826 0.481
827 0.461
828 0.471
829 0.446
830 0.483
831 0.486
832 0.481
833 0.448
834 0.487
835 0.486
836 0.482
837 0.450
838 0.484
839 0.486
840 0.480
841 0.452
842 0.482
843 0.481
844 0.482
845 0.490
846 0.481
847 0.463
848 0.484
849 0.486
850 0.488
851 0.482
852 0.483
853 0.490
854 0.484
855 0.482
856 0.484
857 0.489
858 0.481
859 0.482
860 0.483
861 0.487
862 0.481
863 0.483
864 0.482
865 0.485
866 0.489
867 0.485
868 0.486
869 0.490
870 0.481
871 0.482
872 0.481
873 0.486
874 0.482
875 0.482
876 0.482
877 0.489
878 0.484
879 0.445
880 0.486
881 0.386
882 0.491
883 0.483
884 0.482
885 0.488
886 0.481
887 0.486
888 0.483
889 0.486
890 0.485
891 0.486
892 0.462
893 0.455
894 0.485
895 0.486
896 0.481
897 0.460
898 0.489
899 0.444
900 0.488
901 0.457
902 0.484
903 0.490
904 0.488
905 0.461
906 0.488
907 0.484
908 0.485
909 0.459
910 0.484
911 0.453
912 0.485
913 0.462
914 0.489
915 0.484
916 0.484
917 0.487
918 0.458
919 0.488
920 0.486
921 0.381
922 0.490
923 0.483
924 0.382
925 0.471
926 0.485
927 0.485
928 0.484
929 0.465
930 0.490
931 0.483
932 0.484
933 0.467
934 0.485
935 0.486
936 0.483
937 0.444
938 0.486
939 0.484
940 0.484
941 0.467
942 0.484
943 0.461
944 0.485
945 0.388
946 0.414
947 0.482
948 0.486
949 0.465
950 0.485
951 0.483
952 0.491
953 0.468
954 0.486
955 0.483
956 0.483
957 0.469
958 0.486
959 0.485
960 0.484
961 0.469
962 0.489
963 0.483
964 0.483
965 0.470
966 0.489
967 0.484
968 0.484
969 0.385
970 0.489
971 0.486
972 0.484
973 0.470
974 0.484
975 0.463
976 0.485
977 0.475
978 0.491
979 0.484
980 0.484
981 0.366
982 0.364
983 0.363
984 0.365
985 0.386
986 0.485
987 0.486
988 0.483
989 0.486
990 0.485
991 0.488
992 0.484
993 0.489
994 0.488
995 0.454
996 0.491
997 0.476
998 0.484
999 0.485
1000 0.483
